4294967293,131
4294967293,130
4294967293,129
4294967293,128
4294967293,127
4294967293,126
4294967293,125
4294967293,124
4294967293,123
4294967293,122
4294967293,121
4294967293,120
4294967293,119
4294967293,118
4294967293,117
4294967293,116
4294967293,115
4294967293,114
4294967293,113
4294967293,112
4294967293,111
4294967293,110
4294967293,109
4294967293,108
4294967293,107
4294967293,106
4294967293,105
4294967293,104
4294967293,103
4294967293,102
4294967293,101
4294967293,100
4294967293,99
4294967293,98
4294967293,97
4294967293,96
4294967293,95
4294967293,94
4294967293,93
4294967293,92
4294967293,91
4294967293,90
4294967293,89
4294967293,87
4294967293,86
4294967293,85
4294967293,84
4294967293,83
4294967293,82
4294967293,81
4294967293,80
4294967293,79
4294967293,78
4294967293,77
4294967293,76
4294967293,75
4294967293,74
4294967293,73
4294967293,72
4294967293,71
4294967293,70
4294967293,69
4294967293,68
4294967293,67
4294967293,66
4294967293,65
4294967293,64
4294967293,63
4294967293,62
4294967293,61
4294967293,60
4294967293,59
4294967293,58
4294967293,57
4294967293,56
4294967293,55
4294967293,54
4294967293,53
4294967293,52
4294967293,51
4294967293,50
4294967293,49
4294967293,48
4294967293,47
4294967293,46
4294967293,45
4294967293,44
4294967293,43
4294967293,42
4294967293,41
4294967293,40
4294967293,39
4294967293,38
4294967293,37
4294967293,36
4294967293,35
4294967293,34
4294967293,33
4294967293,32
4294967293,31
4294967293,30
4294967293,29
4294967293,28
4294967293,27
4294967293,26
4294967293,25
4294967293,24
4294967293,23
4294967293,22
4294967293,21
4294967293,20
4294967293,19
4294967293,18
4294967293,17
4294967293,16
4294967293,15
4294967293,14
4294967293,13
4294967293,12
4294967293,11
4294967293,10
4294967293,9
4294967293,8
4294967293,7
4294967293,6
4294967293,5
4294967293,4
4294967293,3
4294967279,91
4294967279,90
4294967279,89
4294967279,87
4294967279,86
4294967279,85
4294967279,84
4294967279,83
4294967279,82
4294967279,81
4294967279,80
4294967279,79
4294967279,78
4294967279,77
4294967279,76
4294967279,75
4294967279,74
4294967279,73
4294967279,72
4294967279,71
4294967279,70
4294967279,69
4294967279,68
4294967279,67
4294967279,66
4294967279,65
4294967279,64
4294967279,63
4294967279,62
4294967279,61
4294967279,60
4294967279,58
4294967279,59
4294967294,1424
4294967278,167
4294967278,310
4294967279,311
4294967278,307
4294967279,310
4294967278,161
4294967279,162
4294967278,306
4294967279,157
43,5
43,4
4294967279,158
43,3
43,2
43,1
4294967278,157
4294967278,302
4294967278,301
4294967294,989
4294967294,974
4294967279,302
4294967278,377
4294967278,144
4294967279,570
4294967278,141
4294967279,141
4294967278,140
4294967278,138
4294967279,140
41,4
4294967278,139
41,2
41,1
4294967279,139
4294967278,296
40,4
4294967278,136
40,3
40,2
40,1
4294967278,295
4294967278,135
4294967279,135
4294967279,134
4294967279,287
4294967278,133
39,7
4294967294,475
4294967279,273
4294967279,291
4294967279,271
4294967294,394
4294967279,290
4294967279,270
4294967278,268
39,6
39,5
4294967278,287
39,4
39,3
39,2
39,1
4294967278,266
4294967278,293
4294967279,289
4294967279,265
4294967279,569
4294967278,263
38,5
4294967279,568
4294967278,292
4294967279,282
4294967278,277
4294967278,376
4294967279,567
4294967279,566
4294967279,259
4294967279,258
4294967278,375
38,4
4294967279,565
38,3
38,2
38,1
4294967279,564
4294967278,259
4294967279,257
4294967279,256
4294967278,255
4294967279,563
4294967279,251
4294967278,249
4294967279,249
4294967278,247
4294967278,243
4294967279,247
4294967278,245
4294967278,244
4294967279,245
4294967278,241
4294967279,243
4294967278,240
4294967279,241
4294967278,238
4294967279,239
4294967279,237
4294967279,238
4294967279,235
4294967279,236
4294967279,233
4294967279,234
4294967279,231
4294967278,228
35,4
4294967279,229
35,3
35,2
35,1
4294967279,228
4294967278,226
4294967279,227
4294967279,101
4294967279,523
4294967279,100
4294967279,99
4294967279,98
4294967279,97
4294967279,96
4294967279,95
4294967279,94
4294967279,93
4294967279,92
4294967278,225
4294967279,226
4294967278,223
4294967279,224
4294967278,221
4294967294,397
4294967294,422
4294967294,416
4294967294,183
4294967294,168
4294967294,418
4294967294,470
4294967294,109
4294967294,169
4294967294,451
4294967294,118
4294967279,220
4294967279,222
4294967278,219
4294967278,331
4294967279,562
4294967279,524
4294967279,525
4294967278,330
4294967278,216
4294967278,374
4294967279,561
4294967279,526
4294967278,329
4294967279,102
4294967279,103
4294967278,328
4294967279,560
9,3
4294967278,373
4294967278,211
4294967278,327
4294967279,106
4294967279,105
4294967279,104
4294967278,210
4294967278,372
4294967278,371
4294967279,107
4294967278,207
